ViewProblem.aspx?Problem=98159	【聊天】修复招募信息无头像的bug	testing
ViewProblem.aspx?Problem=98074	【门派】福利领取点击tips的信息变成了通用的tips	testing
ViewProblem.aspx?Problem=98125	添加张贺那边需要的测试怪物	testing
ViewProblem.aspx?Problem=98176	【好友】修改请求加好友，好友数量达到上限时的错误提示	testing
ViewProblem.aspx?Problem=98177	【好友】禁止加自己为好友，禁止与自己聊天	testing
ViewProblem.aspx?Problem=98079	调整门派摇钱树的奖励	testing
ViewProblem.aspx?Problem=98175	添加声音淡入淡出接口	testing
ViewProblem.aspx?Problem=98161	【聊天】修复发送招募链接时可能出现的文本超出聊天框的bug	testing
ViewProblem.aspx?Problem=98160	【聊天】大界面系统消息使用独立样式	testing
ViewProblem.aspx?Problem=98170	【好友】修复可以向好友发送空信息的bug	testing
ViewProblem.aspx?Problem=98085	小桑村飞宁海县位置调整	testing
ViewProblem.aspx?Problem=98065	天雷劫挂机55级以上的怪物难度奖励添加	testing
ViewProblem.aspx?Problem=98163	【聊天】修复点击说话人名出现的报错	testing
ViewProblem.aspx?Problem=98169	天劫试炼水片材质丢失，重新打包上传	testing
ViewProblem.aspx?Problem=98101	宁海县飞行线路调整	testing
ViewProblem.aspx?Problem=98097	门派任务调整上传分支	testing
ViewProblem.aspx?Problem=97930	【聊天】相关修改	testing
ViewProblem.aspx?Problem=97992	门派人满之后申请加入的功能修改	testing
black	43087	yanghongyu	2016-11-24 12:43:07	"""修改windows下allserver工程文件
去掉LBACDQQ中腾讯ITC有关的东西
windows下mysql用5.1.30的dll
编译带curl的库要加上BUILDING_LIBCURL"""	black
black	43088	yanghongyu	2016-11-24 12:45:11	"""上传一部分跨服的修改"""	black
black	43089	yanghongyu	2016-11-24 12:46:57	"""r42416
修改客户端压缩插件"""	black
black	43091	jiangli	2016-11-24 13:24:46	"""Merged revision(s) 42560, 42607, 42642, 42714, 42721, 42723, 42790, 42964-42965, 42977, 42981, 42988 from trunk:
新版Load流程，未完成。
........
1 网络相关回滚。
2 修复登录和选人相关的网络错误。
........
打包时处理场景文件加点判断吧。
........
场景加载流程，未完成，未开启。
........
新版场景流程的脚本切换。
........

........
1 修复新版场景加载的静态合批问题。
2 开启新的场景加载流程。
........
场景加载流程：纹理异步加载。
........
回滚不必要的修改。
........
修复场景导致网络Log始终显示的问题。
........
修复场景导致网络Log始终显示的问题。
........
进度条进度判断修正
........
"""	black
black	43095	wujing	2016-11-24 13:44:55	"""Merged revision(s) 42639, 42643, 42666 from trunk/client/bin:
飞行脚本上传（test）
........
飞行传送任务上传（test）
........
飞行传送脚本
........
"""	black
black	43097	wujing	2016-11-24 13:55:08	"""Merged revision(s) 42648, 42650 from trunk/client/xxsy:
飞行点位置移动
........
飞行点位置移动
........
"""	black
black	43127	zhangjihao	2016-11-24 15:03:04	"""Merged revision(s) 41373 from trunk:
make添加zlib依赖
........
"""	black
black	43148	yanghongyu	2016-11-24 15:37:31	"""r43125
修复android压缩库"""	black
black	43153	zhangmingyang	2016-11-24 15:46:04	"""Merged revision(s) 42535 from trunk:
全民寻仙脚本中脚本名需要改成lua_money的地方修改"""	black
black	43234	zhangmingyang	2016-11-24 18:56:20	"""Merged revision(s) 41385 from trunk:
死亡语音和死亡动画
........
"""	black
41234,41408,41409,41411,41414,41416,41417,41419,41422,41435,41441,41446,41447,41448,41449,41452,41453,41471,41472,41480,41483,41486,41488,41489,41490,41496,41498,41499,41502,41511,41516,41517,41519,41522,41523,41524,41526,41527,41528,41530,41533,41534,41537,41542,41545,41546,41547,41550,41551,41553,41555,41557,41560,41562,41566,41570,41571,41572,41573,41574,41575,41576,41578,41582,41585,41588,41589,41593,41594,41605,41612,41620,41631,41633,41640,41641,41642,41644,41646,41647,41654,41663,41665,41666,41670,41673,41682,41688,41689,41691,41693,41694,41695,41696,41699,41700,41701,41702,41703,41704,41705,41706,41729,41730,41732,41733,41734,41736,41737,41738,41740,41741,41742,41743,41753,41754,41755,41756,41758,41762,41763,41767,41770,41773,41783,41791,41792,41804,41806,41808,41812,41830,41832,41836,41837,41851,41852,41853,41854,41859,41862,41884,41885,41887,41889,41891,41894,41895,41907,41909,41914,41939,41966,41994,41995,42007,42015,42017,42019,42022,42023,42027,42028,42029,42030,42034,42035,42036,42038,42040,42041,42044,42047,42050,42057,42059,42062,42064,42066,42067,42068,42070,42071,42072,42074,42075,42077,42085,42092,42098,42105,42113,42122,42127,42133,42134,42135,42140,42141,42142,42145,42147,42148,42150,42151,42155,42156,42158,42159,42161,42164,42165,42172,42174,42177,42179,42180,42188,42189,42190,42203,42214,42240,42242,42245,42247,42248,42256,42257,42267,42268,42269,42271,42272,42275,42277,42278,42280,42282,42284,42287,42310,42311,42312,42314,42315,42318,42333,42361,42362,42369,42370,42371,42380,42393,42394,42399,42411,42412,42425,42431,42449,42454,42455,42456,42457,42461,42492,42495,42497,42500,42504,42512,42513,42515,42523,42524,42528,42537,42539,42543,42550,42554,42559,42586,42587,42600,42601,42605,42614,42618,42621,42622,42623,42625,42626,42631,42632,42638,42641,42645,42652,42653,42654,42655,42656,42658,42664,42668,42669,42672,42676,42677,42697,42700,42702,42718,42725,42726,42727,42728,42730,42731,42733,42734,42736,42739,42743,42745,42752,42762,42765,42766,42767,42768,42769,42773,42774,42777,42778,42783,42787,42794,42795,42797,42798,42800,42803,42804,42808,42818,42827,42828,42829,42831,42832,42833,42834,42835,42838,42855,42856,42857,42860,42871,42874,42880,42888,42910,42912,42915,42921,42925,42930,42932,42936,42940,42941,42946,42947,42952,42953,42954,42958,42959,42960,42966,42967,42968,42969,42976,42978,42980,42984,42992,42995,43005,43009,43011,43012,43015,43017,43018,43022,43029,43030,43041,43054,43055,43056,43058,43060,43075,43090,43098,43099,43100,43101,43104,43105,43112,43114,43123,43128,43136,43144,43174,43207,
